43 63 64 41 60 28 90 94 76 36 85 20 43 64 26 40 43 5 59 43 93 90 62 11 50 72 20 23 63 36 
8 11 51 80 21 82 70 91 91 28 67 22 75 5 
32 88 11 6 17 97 35 75 3 58 0 81 78 51 37 63 23 41 3 63 23 70 48 93 45 11 22 38 27 12 93 52 37 85 17 35 5 28 34 7 90 28 78 64 51 29 59 14 9 4 86 53 31 10 87 6 66 68 3 81 34 69 6 85 28 8 51 89 12 89 96 13 3 87 11 49 29 92 20 53 26 73 61 74 97 67 
6 10 17 71 75 29 6 7 90 65 79 18 97 54 36 77 77 77 86 65 7 9 87 30 34 61 37 10 40 67 38 26 4 66 24 19 99 81 86 35 32 84 58 17 82 88 39 56 71 42 58 58 67 6 89 11 91 46 76 65 51 43 39 36 38 0 83 7 25 0 73 87 67 7 51 56 52 6 63 8 48 2 95 53 35 75 95 99 48 18 1 8 78 61 36 80 
46 28 92 46 85 16 85 75 51 59 98 54 64 47 75 12 65 55 16 18 8 28 12 13 23 57 95 22 42 25 27 94 48 77 39 64 0 87 83 98 39 72 62 70 39 57 56 75 78 5 
-44 -67 -35 20 43 -28 96 -27 -33 -82 -8 5 45 56 28 76 41 9 -8 67 42 -77 -94 -37 -41 72 -54 29 87 -21 -46 -79 98 -38 -86 -6 96 
-92 20 95 -99 26 -20 59 -18 88 -58 -99 18 -53 35 59 34 -25 -92 -6 -80 75 -19 43 -3 -46 -3 -46 42 -18 52 49 -16 53 -11 16 -89 36 96 -86 82 -21 -48 2 -18 64 -9 25 -61 -43 22 47 96 67 81 -93 99 -10 -16 75 -3 86 92 -8 -21 41 52 6 43 -43 76 40 75 -65 59 -62 25 23 -100 -98 73 45 -22 99 -80 -63 65 87 -83 -85 4 -21 55 -74 -65 -75 
-22 -12 11 57 97 95 69 -3 -47 -66 98 -89 -84 69 79 -82 64 -16 -33 52 -5 36 12 -52 -30 82 -10 -23 0 28 -75 45 94 -25 -92 60 -63 -30 -25 72 -100 -79 -93 5 -2 68 -57 -99 -49 57 -9 97 -81 -40 6 12 -19 -20 47 -87 4 -24 -10 -68 37 16 6 -17 -11 -46 73 41 53 61 37 77 33 -31 -65 77 -51 69 -89 74 
85 59 31 -42 -96 -54 -89 -10 30 -27 -20 -57 -20 -75 2 57 -27 -28 33 25 -71 63 -99 59 -34 -57 -51 46 41 -19 43 -65 17 3 9 -39 96 8 -73 -46 26 -92 57 16 -53 70 31 31 94 32 90 74 -94 -96 24 84 -94 -58 -53 30 -7 40 64 69 -47 51 87 17 
-41 -18 86 -47 -99 62 47 99 37 -5 -97 -64 -61 -61 90 -83 -28 -55 -3 83 -37 44 16 -5 -34 -97 37 
-827 956 -43 -799 578 -678 759 907 -981 631 -579 924 664 324 686 -863 756 797 -867 22 330 599 -679 307 307 855 397 331 -599 932 -494 415 -967 39 -474 -995 432 -369 500 221 930 427 818 -757 618 764 -25 347 -515 716 -705 125 -835 -33 236 901 -433 -321 -825 -512 -96 366 265 -810 -368 299 490 -853 -276 -474 456 -84 -436 599 178 -169 988 173 
237 -834 -574 432 -163 -425 729 -2 841 -337 -272 -711 -953 151 -85 -917 659 -334 -554 419 248 -874 -608 -782 -827 -292 -542 -557 -419 -792 809 958 -434 -675 -697 703 -60 -576 723 -22 451 -462 -196 911 502 499 -657 643 -562 760 809 253 -926 633 -672 -34 -456 -84 1 457 12 -79 854 541 -698 -467 -909 363 -339 -997 174 356 -102 100 -171 -937 266 -237 -895 676 694 -142 111 249 788 -333 330 837 -56 427 
-636 -80 888 -485 461 -288 -662 452 -754 -289 -590 -915 915 -628 836 -649 475 -802 367 
974 173 685 448 -504 -401 -986 374 -231 337 -728 826 -286 964 -621 144 24 565 38 -146 723 788 -760 811 -530 -405 -867 693 494 422 -478 607 -558 483 
-865 8 -721 482 529 -603 239 281 -441 745 280 -412 -579 -348 712 264 514 753 547 -950 -201 -997 -908 -174 -415 790 -107 562 -261 -445 879 -2 
95501 -58931 29482 51194 47871 -43952 -25778 49018 -78584 -67401 58864 6424 -78321 70309 -20425 -73141 46135 -58727 -44025 15700 -9815 -5379 -63156 -64378 51444 -60429 -51459 3322 14521 15892 89053 -81333 -91372 -67425 3169 29891 -26781 -83219 -59976 -97257 -69251 95799 33457 46177 -51729 511 47486 -45655 4351 30332 26821 -15128 -86234 93359 -90607 -50242 -72915 7541 -54401 22025 27035 -98760 -32023 81423 -78098 49512 1902 13871 
-83277 61948 683 82311 91511 -29941 -18858 -75554 43089 -59298 23117 -46052 96622 -19439 82783 -42108 27815 55928 -78597 79169 -13583 59673 94699 -9746 38547 -14264 49948 99150 57320 92452 28061 29286 -51664 -7248 -33798 86838 75945 -97303 82262 -24915 89322 69258 -36068 -17688 -27255 83842 59164 -38652 42640 17616 -88904 42565 44511 -97670 94301 17122 6198 -29482 9492 50847 5486 99784 -36201 -58318 -97255 -68769 76072 75781 44253 -49990 -78192 40431 65753 45557 543 -70716 -82846 -40895 -14177 
-14453 -45 74397 64772 -81736 -29585 4626 90258 -58443 -35760 19017 34498 94994 89912 -15818 24994 
-31416 76273 -17667 -93031 -91007 83009 22551 -33150 58382 -5841 37021 -21533 -83123 -784 69461 -96047 -70277 -17860 32193 
87 -14942 1886 -16332 -77090 -9571 -70479 49067 71604 71221 57904 -78780 49869 -13587 14533 72514 40100 -48871 -37863 -39020 -53968 -16188 62429 -66913 -80961 -86937 15482 -26110 25841 -37694 -3504 -13707 -83693 -94099 39453 -95532 -54720 41965 -80325 9288 -58284 39962 7439 7262 99321 5006 39852 -50108 -44378 -94997 -1077 37986 96477 27361 74226 28797 57179 84793 85497 -42483 -6584 67025 57796 19344 -51934 -92771 34538 -60386 -9619 18872 98398 -51543 7291 39515 -39142 33498 -95020 8192 48012 -27552 -94586 71477 
1003485642 1979502452 157175059 1596631634 -1463882669 -1293038202 899630416 1135205915 -69648951 1796940663 -734838063 621453738 -1967416166 1395291344 1183824608 610828299 2092481562 -1758681359 971061843 
-427909675 1560635566 173533100 2082299997 1066809686 -1054845164 1312138682 -84391614 955784507 1399028085 -17346749 -499837924 1093824253 1252443400 -674538985 -1955132261 659551450 1230607292 -274684034 -145552116 -2113361811 1311508466 -1640295471 1284160009 1150105971 1189298820 1987410842 1369672723 1662296667 29066839 -1380053365 -1397495596 1776140405 1957361857 42292374 918868019 -293475081 1057332285 1128388934 -598402745 1970280016 -1253919634 -1118790567 795759727 -431788703 839028139 875603629 -1063506916 -817024968 -1923648446 648817305 1925345636 98712137 1181465978 -1838756219 -1036642260 1516018339 -874820088 -1115672873 -102990329 -1692338031 -272261231 897677261 -2047444815 1967406041 2026166029 -314760395 2097079641 -1999597335 -1831186819 1443709952 -1870361754 -795165535 -666604519 -1497482462 -1497166396 968319171 1873605735 -951789445 -47703448 597487788 779957309 -226193255 1860337732 -343329470 -2133626261 -1264837299 -78588547 1679022239 -1224888662 688718036 -487327080 298279057 1697046093 -1979952973 953664931 1357891469 671353419 -821146888 
1510530365 1726037066 881490615 -1979668376 601910763 1310737304 815021439 1698912932 -859008415 732506962 376743279 1833968667 -1653380453 1709496366 778765060 934328966 -798210632 -1196300068 -1188554758 -1278029218 809303005 194801462 600816469 -1599373031 27611253 1881629068 -1515979598 -47582955 -619700757 1387772185 -2096751940 1167744156 2122049816 -893011614 -1114148105 -1577257828 -974056081 1970809252 1375785884 1456142775 1378312812 970223699 
1606182076 791216404 -41358135 -1348482090 1964675989 389204690 -1207648779 -1347761279 -1688043391 1297025980 1637996765 -1430194401 47562013 1297934139 
-1620615040 -1924994030 1939992002 1785479843 548911230 31708791 -2002320225 -2074785856 1384712018 356723375 -1514581622 -2077861182 -255177408 -574992445 550412490 196006827 2001085650 -626751439 248497511 432108524 1240472257 -1356146360 -337756278 -1099119504 -105628244 1597112400 -1734914690 1475377756 -545469254 -1973504298 1541543947 -1495191731 1658101745 -585778754 -111035902 38743671 851658066 1756065358 -814693248 -1656129523 231879165 139853605 -1445788613 585316564 332759077 2147122610 1538004442 -926205003 1059602463 -1785660395 45797912 370933140 -196326912 -122435663 1759598366 26881029 1743133967 -1168801309 929910779 22694286 894301577 395867432 1825984099 1213579701 2091278870 1980933427 -382941766 1205624430 
